142.67
142.67
142.67
144.71
148.72
148.72
148.72
151.37
156.84
156.84
156.84
158.37
158.37
158.37
169.30
169.30
169.30
169.35
169.35
169.35
171.44
171.44
171.44
171.59
171.59
172.16
172.16
172.16
183.44
196.40
202.56
202.56
202.56
208.10
208.10
208.75
208.75
208.95
211.01
211.01
211.01
212.27
212.27
212.27
215.53
215.53
215.53
219.13
219.13
225.28
225.28
225.28
225.83
225.83
225.83
226.40
226.40
226.40
230.69
230.69
230.69
232.58
232.58
232.58
232.87
232.87
233.18
233.18
233.18
233.37
233.37
233.37
236.68
239.18
242.19
242.19
242.19
244.92
253.12
253.12
253.12
254.55
254.55
254.55
256.31
256.31
256.31
259.95
259.95
259.95
260.01
260.01
260.01
267.49
267.49
267.49
270.61
270.61
270.61
270.66
270.66
270.66
270.90
270.90
270.90
271.88
271.88
271.88
274.80
274.80
274.80
280.35
280.35
280.35
281.51
281.51
281.51
284.36
291.67
295.72
295.72
295.72
300.70
300.70
300.70
300.77
300.77
301.48
301.48
301.48
301.63
311.86
311.86
312.99
312.99
312.99
316.22
316.22
319.24
321.91
321.91
321.91
322.26
322.26
322.26
324.27
324.27
325.45
325.45
325.45
